17
0.04666666666666667 7 143
0.04666666666666667 62.39280319213867 143
0.33867665608723957 70.6806640625 99.19850158691406
0.4860163370768229 102.91122436523438 77.09754943847656
0.33867665608723957 133.30003356933594 99.19850158691406
0.04666666666666667 138.8252716064453 143
0.04666666666666667 168.293212890625 143
0.18997268676757811 191.31504821777344 121.50409698486328
0.25750340779622394 224.4664764404297 111.3744888305664
0.1838335673014323 259.45965576171875 122.42496490478516
0.04666666666666667 281.56060791015625 143
0.04666666666666667 353.3887023925781 143
0.3141200256347656 363.518310546875 102.88199615478516
0.4553205871582031 394.8280029296875 81.70191192626953
0.3141200256347656 427.97943115234375 102.88199615478516
0.04666666666666667 436.2673034667969 143
0.04666666666666667 505 143