17
0.04666666666666667 7 143
0.04666666666666667 106 143
0.17600001017252603 107 123.5999984741211
0.21600001017252604 121 117.5999984741211
0.16933334350585938 134 124.5999984741211
0.04666666666666667 135 143
0.04666666666666667 226 143
0.16933334350585938 233 124.5999984741211
0.2626666768391927 248 110.5999984741211
0.17600001017252603 264 123.5999984741211
0.04666666666666667 270 143
0.04666666666666667 350 143
0.3026666768391927 358 104.5999984741211
0.44933334350585935 380 82.5999984741211
0.31600001017252605 399 102.5999984741211
0.04666666666666667 411 143
0.04666666666666667 505 143