20
0 7 143
0.058333333333333334 46 143
0.3333333333333333 52 100
0.46 71 81
0.3333333333333333 86 100
0.058333333333333334 95 143
0.04666666666666667 123 143
0.16666666666666666 126 125
0.25333333333333335 139 112
0.17333333333333334 151 124
0.04666666666666667 156 143
0.058333333333333334 310 143
0.18666666666666668 321 122
0.058333333333333334 334 143
0.04666666666666667 367 143
0.32666666666666666 371 101
0.49333333333333335 391 76
0.3466666666666667 415 98
0.04666666666666667 423 143
0.058333333333333334 505 143