12
0.04666666666666667 7 143
0.04666666666666667 124.09130096435547 143
0.2772851053873698 128.69566345214844 108.40723419189453
0.3939290364583333 153.5592498779297 90.91064453125
0.2772851053873698 173.81845092773438 108.40723419189453
0.04666666666666667 175.6602020263672 143
0.04666666666666667 247.48831176757812 143
0.3250340779622396, 264.06402587890625 101.24488830566406
0.47237380981445315 299.05718994140625 79.14392852783203
0.3618689982096354 334.97125244140625 95.71965026855469
0.04666666666666667 357.9930725097656 143
0.04666666666666667 505 143