16
0.04666666666666667 7 143
0.04666666666666667 163 143
0.14400004069010416 170 128.39999389648438
0.21066665649414062 184 118.4000015258789
0.15066665649414063 195 127.4000015258789
0.04666666666666667 200 143
0.04666666666666667 228 143
0.2573333231608073 234 111.4000015258789
0.41066665649414064 239 88.4000015258789
0.5839999898274739 247 62.400001525878906
0.643999989827474 263 53.400001525878906
0.5573333231608073 276 66.4000015258789
0.41066665649414064 283 88.4000015258789
0.2773333231608073 286 108.4000015258789
0.04666666666666667 290 143
0.04666666666666667 505 143